0
0
0
0
0
0
0
0
0
957683
1008243
1243927
1694450
1423080
1396203
1053125
1426679
1804437
1609001
1498165
936592
1401196
1354432
1687812
1305756
1317963
1491432
1683939
1374331
1146009
1269557
1644609
1539450
1144449
1596894
840812
916026
1138592
1450481
1119514
1306422
900168
1220185
1330731
1363728
1207291
930255
1061754
1296194
1292226
1150076
1252632
1362398
1320540
1113497
1004358
1207554
1566711
1638727
1359033
1491574
1117171
1989728
1549719
1614568
1631109
1724014
1915015
1265772
1322362
1296815
1490946
1433166
1255484
602748
787324
1129291
1440492
1392276
1798616
1696366
1323701
1524752
1676881
2090581
1383466
1746156
1644987
1444158
1224861
1435804
1402484
1301407
1636629
1646458
906335
894906
1494245
