25482182
24551941
33297112
27610031
33298955
30815305
25671095
33379333
37173648
38299597
36643885
25134997
33420017
30336585
37030944
31001776
32302200
33219663
40563678
35048651
28407096
32723175
36613647
38434936
33421645
46307327
32788877
35789492
36250351
40299707
38431769
36528135
31058092
35877156
34064829
34465868
39202836
29810490
31361137
41818967
37558253
36588459
34331242
35245023
34814755
34257939
31721355
30104443
38933603
38170561
32307953
36501169
29079272
40238637
31727507
37063053
36288911
39638568
43531513
29484003
31579645
32677047
34370121
32181879
32200720
25105343
27551287
27603967
30745287
32066148
39530876
35019657
29782117
32244955
35137918
44953078
36717240
41759568
36158676
34482884
31631742
36312178
33060292
33269949
43581171
40706804
31368301
32723008
30735613
