0
0
0
0
0
0
0
0
0
24283684
23303034
31741893
25669492
31551267
29117417
24378866
31620409
35010345
36329641
34796895
23954732
31711426
28708056
35011314
29390781
30678185
31400095
38506348
33340724
26976814
31132771
34622876
36524424
31991641
44276500
31671144
34579937
34819389
38465102
36979038
34929418
29898617
34345612
32426179
32781535
37681141
28612222
30009749
40152192
35914680
35133944
32761438
33590242
33192560
32841197
30430730
28611659
36998859
36167817
30660097
34644216
27673421
37839672
29863771
35072680
34311520
37525042
41195733
27946981
29955198
31071911
32564965
30445626
30648522
24292056
26522827
26240343
28994999
30359742
37337241
32994615
28157368
30387211
33128522
42432471
35002426
39601039
34177327
32716930
30091473
34546640
31335391
31649870
41511527
38682252
30204820
31558899
28948981
