0
0
0
0
0
0
0
0
0
163566
152801
208301
132139
202811
184094
154766
212744
215183
229252
224442
162970
192540
169079
210992
200594
200014
208853
243404
219931
186937
205512
217107
242623
213023
308868
203548
212189
201727
266835
233559
199252
179521
206332
203499
208820
217266
182226
193303
251901
236694
210976
213681
203327
196907
209431
190301
185503
241245
224099
187552
234704
190744
245791
194712
238904
214966
243130
259451
168934
194934
199989
192928
189082
196351
159588
180556
157426
190022
193219
242821
196387
191416
205312
201587
273673
218738
259104
210524
205939
210159
211081
203820
208831
286038
236543
180505
189504
181186
